
increase: [0.008902652213660893, 0.002935515024938393, -0.006537392734902013]
usedresource: [7, 7, 7]
acceptrate:[0.1377671584479469, 0.05306298246258081, 0.044403767128242476]
bizhi: [0.0012718074590944133, 0.0004193592892769133, -0.0009339132478431447]
embedresourece: [3, 4, 4]
cputime[0.004050100000000012, 0.0015918999999999961, 0.0014948999999999935]

increase: [0.01977670774144853, -0.004780300668278137, -0.007991090830669845]
usedresource: [6, 6, 6]
acceptrate:[0.03090751025290499, 0.01716961372255049, 0.004454365079365079]
bizhi: [0.0032961179569080882, -0.0007967167780463562, -0.0013318484717783075]
embedresourece: [4, 4, 4]
cputime[0.0013156999999999973, 0.0011851000000000001, 0.0011891000000000013]

increase: [-0.06256361557353152, 0.00775262115915254, -8.390780737260739e-05]
usedresource: [2, 2, 4]
acceptrate:[1.0, 1.0, 1.0]
bizhi: [-0.03128180778676576, 0.00387631057957627, -2.0976951843151848e-05]
embedresourece: [2, 1, 1]
cputime[0.0020570000000000033, 0.00017700000000001048, 0.00043299999999998895]

increase: [0.04075923771383372, 0.0007592377138336825, 0.0]
usedresource: [4, 7, 7]
acceptrate:[1.0, 0.5, 0.0]
bizhi: [0.01018980942845843, 0.00010846253054766894, 0.0]
embedresourece: [1, 1, 1]
cputime[0.0005979999999999874, 0.0009210000000000051, 0.0009670000000000234]

increase: [0.034198942789546494, -0.016317348163859213, 0.0]
usedresource: [3, 5, 5]
acceptrate:[1.0, 0.5, 0.0]
bizhi: [0.011399647596515497, -0.0032634696327718425, 0.0]
embedresourece: [1, 1, 1]
cputime[0.0003250000000000197, 0.0005750000000000199, 0.0006239999999999857]

increase: [0.03751538500174356, 0.0, 0.0]
usedresource: [4, 4, 4]
acceptrate:[1.0, 0.0, 0.0]
bizhi: [0.00937884625043589, 0.0, 0.0]
embedresourece: [1, 1, 1]
cputime[0.0006879999999999942, 0.0005709999999999882, 0.0005689999999999862]

increase: [-0.05361459669219282, 0.00969685488250005, -0.0003904480391981324]
usedresource: [2, 2, 3]
acceptrate:[1.0, 1.0, 1.0]
bizhi: [-0.02680729834609641, 0.004848427441250025, -0.00013014934639937747]
embedresourece: [2, 1, 1]
cputime[0.0014089999999999936, 0.00019399999999999973, 0.00022500000000000298]

increase: [0.03719287782423897, -0.030824645924643068, 0.0]
usedresource: [4, 7, 7]
acceptrate:[1.0, 0.5, 0.0]
bizhi: [0.009298219456059742, -0.004403520846377581, 0.0]
embedresourece: [1, 1, 1]
cputime[0.0007129999999999914, 0.0011500000000000121, 0.0011629999999999974]

increase: [0.04095952697458549, -0.0002344876253617123, -0.01454525410952201]
usedresource: [3, 5, 8]
acceptrate:[1.0, 1.0, 0.6666666666666666]
bizhi: [0.013653175658195163, -4.689752507234246e-05, -0.0018181567636902513]
embedresourece: [1, 1, 1]
cputime[0.0004870000000000152, 0.0005980000000000152, 0.0010899999999999799]

increase: [-0.03910368925926555, 0.009449391212289493, 8.311922793230453e-05]
usedresource: [2, 2, 3]
acceptrate:[1.0, 1.0, 1.0]
bizhi: [-0.019551844629632775, 0.0047246956061447465, 2.7706409310768176e-05]
embedresourece: [2, 1, 1]
cputime[0.0020820000000000005, 0.00015399999999998748, 0.00026399999999998647]

increase: [-0.06219581199635327, 0.00925874330204457, 6.377282350367164e-05]
usedresource: [1, 2, 3]
acceptrate:[1.0, 1.0, 1.0]
bizhi: [-0.06219581199635327, 0.004629371651022285, 2.1257607834557213e-05]
embedresourece: [1, 1, 1]
cputime[0.0021830000000000183, 0.00016099999999999448, 0.00027199999999999447]

increase: [0.037847628118470755, -0.015198116732043965, 0.0]
usedresource: [3, 5, 5]
acceptrate:[1.0, 0.5, 0.0]
bizhi: [0.012615876039490251, -0.003039623346408793, 0.0]
embedresourece: [1, 1, 1]
cputime[0.0002510000000000012, 0.00037899999999999046, 0.0004709999999999992]

increase: [-0.044831131621013376, 0.008584114551370536, -0.0010590163752914883]
usedresource: [2, 2, 4]
acceptrate:[1.0, 1.0, 1.0]
bizhi: [-0.022415565810506688, 0.004292057275685268, -0.00026475409382287207]
embedresourece: [2, 1, 1]
cputime[0.0020579999999999765, 0.00015699999999999048, 0.00041400000000002546]

increase: [0.03042723502063116, 0.0, 0.0]
usedresource: [4, 4, 4]
acceptrate:[1.0, 0.0, 0.0]
bizhi: [0.00760680875515779, 0.0, 0.0]
embedresourece: [1, 1, 1]
cputime[0.0004649999999999932, 0.0005070000000000074, 0.0004079999999999917]

increase: [0.04696610228332687, 0.0008450201556085002, -0.02898108310712655]
usedresource: [3, 5, 8]
acceptrate:[1.0, 1.0, 0.3333333333333333]
bizhi: [0.015655367427775624, 0.00016900403112170005, -0.0036226353883908186]
embedresourece: [1, 1, 1]
cputime[0.0005680000000000129, 0.0007950000000000179, 0.0011990000000000056]

increase: [-0.03618862035477899, 0.008235357874780358, -0.0008471904294700128]
usedresource: [2, 2, 4]
acceptrate:[1.0, 1.0, 1.0]
bizhi: [-0.018094310177389494, 0.004117678937390179, -0.0002117976073675032]
embedresourece: [2, 1, 1]
cputime[0.0018309999999999993, 0.00019600000000000173, 0.00039000000000000146]

increase: [-0.12257686498024789, 0.005535501477610838, 0.0]
usedresource: [3, 3, 5]
acceptrate:[1.0, 1.0, 0.0]
bizhi: [-0.040858954993415963, 0.0018451671592036127, 0.0]
embedresourece: [3, 1, 1]
cputime[0.0036349999999999993, 0.0003370000000000317, 0.0006499999999999839]

increase: [-0.09859487402630285, 0.008245403256955774, -0.002710746838686884]
usedresource: [2, 2, 4]
acceptrate:[1.0, 1.0, 1.0]
bizhi: [-0.049297437013151424, 0.004122701628477887, -0.000677686709671721]
embedresourece: [2, 1, 1]
cputime[0.00178399999999998, 0.00019700000000000273, 0.0003070000000000017]

increase: [0.036728061701948644, -0.013345745178146795, 0.0]
usedresource: [4, 7, 7]
acceptrate:[1.0, 0.5, 0.0]
bizhi: [0.009182015425487161, -0.0019065350254495422, 0.0]
embedresourece: [1, 1, 1]
cputime[0.0007199999999999984, 0.0011400000000000021, 0.0012330000000000119]

increase: [0.036929154836942146, -0.007292990841593905, -0.03221453616375336]
usedresource: [3, 7, 7]
acceptrate:[1.0, 1.0, 0.3333333333333333]
bizhi: [0.012309718278980716, -0.001041855834513415, -0.004602076594821909]
embedresourece: [1, 1, 1]
cputime[0.0005179999999999907, 0.0010280000000000011, 0.0010709999999999886]

increase: [0.003454959077582198, 0.003447004814262633, -0.0015913670345620856]
usedresource: [1, 3, 7]
acceptrate:[1.0, 1.0, 0.5]
bizhi: [0.003454959077582198, 0.001149001604754211, -0.00022733814779458367]
embedresourece: [1, 1, 1]
cputime[0.0030100000000000127, 0.00029700000000001947, 0.0008360000000000034]

increase: [0.00775172508639288, 0.006658364277006501, -0.003502421000006972]
usedresource: [1, 2, 4]
acceptrate:[1.0, 1.0, 1.0]
bizhi: [0.00775172508639288, 0.0033291821385032505, -0.000875605250001743]
embedresourece: [1, 1, 1]
cputime[0.0018479999999999885, 0.00021899999999999697, 0.00039100000000000246]

increase: [-0.10174528412224937, 0.008083329187113963, -0.0022525470327583452]
usedresource: [1, 2, 4]
acceptrate:[1.0, 1.0, 1.0]
bizhi: [-0.10174528412224937, 0.004041664593556982, -0.0005631367581895863]
embedresourece: [1, 1, 1]
cputime[0.001899999999999985, 0.00019699999999997497, 0.00038499999999999646]

increase: [-0.11053490012563416, 0.005871304355756779, -0.003560945720312625]
usedresource: [3, 3, 5]
acceptrate:[1.0, 1.0, 0.5]
bizhi: [-0.03684496670854472, 0.0019571014519189265, -0.0007121891440625249]
embedresourece: [3, 1, 1]
cputime[0.004046999999999995, 0.00032499999999999196, 0.0006460000000000077]

increase: [-0.14701441061677334, 0.005217205031420757, -0.0006921587726153033]
usedresource: [3, 3, 7]
acceptrate:[1.0, 1.0, 0.5]
bizhi: [-0.049004803538924446, 0.0017390683438069192, -9.887982465932905e-05]
embedresourece: [3, 1, 1]
cputime[0.003062000000000009, 0.00030999999999997696, 0.0007469999999999977]

increase: [0.03897809055971879, -0.013491269493733249, 0.0]
usedresource: [4, 7, 7]
acceptrate:[1.0, 0.5, 0.0]
bizhi: [0.009744522639929698, -0.0019273242133904642, 0.0]
embedresourece: [1, 1, 1]
cputime[0.0005789999999999962, 0.0008920000000000039, 0.0009919999999999929]

increase: [-0.10697397807145359, 0.009091605123687452, -0.002003901702227917]
usedresource: [1, 2, 3]
acceptrate:[1.0, 1.0, 1.0]
bizhi: [-0.10697397807145359, 0.004545802561843726, -0.0006679672340759724]
embedresourece: [1, 1, 1]
cputime[0.0014530000000000098, 0.00019600000000000173, 0.00021899999999999697]

increase: [0.0068256588342590074, 0.007543622132908379, -0.002245741693144676]
usedresource: [1, 2, 4]
acceptrate:[1.0, 1.0, 1.0]
bizhi: [0.0068256588342590074, 0.0037718110664541893, -0.000561435423286169]
embedresourece: [1, 1, 1]
cputime[0.0018770000000000175, 0.00021599999999999397, 0.00039200000000000346]

increase: [0.0175433245591865, -0.014677281664127295, 0.0]
usedresource: [3, 7, 7]
acceptrate:[1.0, 1.0, 0.0]
bizhi: [0.005847774853062167, -0.0020967545234467566, 0.0]
embedresourece: [1, 1, 1]
cputime[0.0005840000000000012, 0.0011929999999999996, 0.0012619999999999854]

increase: [0.0321877744597584, -0.0013251626967972774, -0.032601227414047584]
usedresource: [3, 7, 7]
acceptrate:[1.0, 1.0, 0.3333333333333333]
bizhi: [0.0107292581532528, -0.00018930895668532534, -0.004657318202006798]
embedresourece: [1, 1, 1]
cputime[0.0005409999999999859, 0.0011839999999999906, 0.0012250000000000039]

increase: [0.036561984289442795, 0.0, 0.0]
usedresource: [4, 4, 4]
acceptrate:[1.0, 0.0, 0.0]
bizhi: [0.009140496072360699, 0.0, 0.0]
embedresourece: [1, 1, 1]
cputime[0.0005890000000000062, 0.0005330000000000057, 0.0004659999999999942]

increase: [-0.021268797235712622, 0.005943247346971492, -0.0005439614484964439]
usedresource: [2, 3, 8]
acceptrate:[1.0, 1.0, 1.0]
bizhi: [-0.010634398617856311, 0.0019810824489904975, -6.799518106205549e-05]
embedresourece: [2, 1, 1]
cputime[0.00304500000000002, 0.00035000000000001696, 0.0010789999999999966]

increase: [0.04081219499160138, -0.004727847735948698, -0.026041939013090154]
usedresource: [3, 5, 7]
acceptrate:[1.0, 1.0, 0.3333333333333333]
bizhi: [0.01360406499720046, -0.0009455695471897396, -0.003720277001870022]
embedresourece: [1, 1, 1]
cputime[0.00042099999999997695, 0.0005560000000000009, 0.0007859999999999812]

increase: [0.038881256984999224, -0.013892564533544371, 0.0]
usedresource: [3, 5, 5]
acceptrate:[1.0, 0.5, 0.0]
bizhi: [0.012960418994999742, -0.002778512906708874, 0.0]
embedresourece: [1, 1, 1]
cputime[0.0003539999999999932, 0.0005850000000000022, 0.0006760000000000099]

increase: [0.03567954173481647, 0.0, 0.0]
usedresource: [4, 4, 4]
acceptrate:[1.0, 0.0, 0.0]
bizhi: [0.008919885433704117, 0.0, 0.0]
embedresourece: [1, 1, 1]
cputime[0.0005789999999999962, 0.0004940000000000222, 0.0005000000000000004]

increase: [0.028079710364904198, 0.008062847534526574, 0.0]
usedresource: [4, 7, 7]
acceptrate:[1.0, 1.0, 0.0]
bizhi: [0.0070199275912260495, 0.0011518353620752248, 0.0]
embedresourece: [1, 1, 1]
cputime[0.0008379999999999777, 0.0012889999999999846, 0.0013309999999999989]

increase: [0.0, 0.0, 0.0]
usedresource: [3, 3, 3]
acceptrate:[0.0, 0.0, 0.0]
bizhi: [0.0, 0.0, 0.0]
embedresourece: [3, 3, 3]
cputime[0.00018500000000001848, 0.00016099999999999448, 0.00019000000000002348]

increase: [0.030098452194137374, 0.005610274726639387, 0.0005395933540452411]
usedresource: [293, 458, 582]
acceptrate:[1.0, 1.0, 0.84]
bizhi: [0.00010272509281275554, 1.224950813676722e-05, 9.271363471567717e-07]
embedresourece: [100, 100, 100]
cputime[136.89947999999998, 104.92429900000002, 146.18185799999998]

increase: [0.027929291496994656, 0.005686107725622985, 0.0005651537780267917]
usedresource: [261, 414, 504]
acceptrate:[1.0, 1.0, 0.78]
bizhi: [0.00010700877968197186, 1.3734559723727015e-05, 1.1213368611642693e-06]
embedresourece: [101, 100, 100]
cputime[115.927341, 63.061921999999996, 90.76424400000002]

increase: [0.025669865704464452, 0.006494572443798741, 0.0005497581935882366]
usedresource: [240, 408, 527]
acceptrate:[1.0, 1.0, 0.89]
bizhi: [0.00010695777376860188, 1.5918069715192992e-05, 1.04318442806117e-06]
embedresourece: [101, 100, 100]
cputime[161.549833, 70.88762100000002, 104.47789800000001]
