
increase: [0.0, 0.0, 0.0]
usedresource: [29, 29, 29]
acceptrate:[0.0, 0.0, 0.0]
bizhi: [0.0, 0.0, 0.0]
embedresourece: [9, 9, 9]
cputime[8.893702000000001, 8.908156, 8.816077999999997]

increase: [0.0, 0.0, 0.0]
usedresource: [27, 27, 27]
acceptrate:[0.0, 0.0, 0.0]
bizhi: [0.0, 0.0, 0.0]
embedresourece: [7, 7, 7]
cputime[9.118528999999999, 9.123064, 9.172431999999997]

increase: [0.0, 0.0, 0.0]
usedresource: [28, 28, 28]
acceptrate:[0.0, 0.0, 0.0]
bizhi: [0.0, 0.0, 0.0]
embedresourece: [8, 8, 8]
cputime[7.592388000000001, 7.564709999999998, 7.655832999999998]

increase: [0.0, 0.0, 0.0]
usedresource: [15, 15, 15]
acceptrate:[0.0, 0.0, 0.0]
bizhi: [0.0, 0.0, 0.0]
embedresourece: [5, 5, 5]
cputime[0.06322599999999998, 0.057649000000000006, 0.06107299999999999]

increase: [0.029440970060667815, 0.006982362934562003, 0.000780693489945028]
usedresource: [7, 8, 9]
acceptrate:[1.0, 1.0, 1.0]
bizhi: [0.004205852865809688, 0.0008727953668202504, 8.674372110500311e-05]
embedresourece: [5, 5, 5]
cputime[0.01854800000000001, 0.023903000000000008, 0.02643300000000004]

increase: [0.04220552349806036, 0.0054078254743404885, 0.0006822349452002552]
usedresource: [18, 19, 24]
acceptrate:[1.0, 1.0, 1.0]
bizhi: [0.0023447513054477977, 0.0002846223933863415, 2.8426456050010634e-05]
embedresourece: [11, 11, 11]
cputime[0.05291499999999999, 0.06335000000000002, 0.085652]

increase: [0.03546476278077598, 0.0056943333525733, 0.0008355490334129856]
usedresource: [10, 11, 13]
acceptrate:[1.0, 1.0, 1.0]
bizhi: [0.003546476278077598, 0.0005176666684157546, 6.427300257022966e-05]
embedresourece: [7, 7, 7]
cputime[0.031639, 0.032144000000000006, 0.03837299999999999]

increase: [0.011454878435864235, 0.006785857430545883, 0.0006666010955423962]
usedresource: [10, 12, 14]
acceptrate:[1.0, 1.0, 1.0]
bizhi: [0.0011454878435864235, 0.0005654881192121569, 4.761436396731401e-05]
embedresourece: [8, 8, 8]
cputime[0.029197, 0.03181499999999998, 0.04161500000000001]

increase: [0.031683034912035946, 0.003620239823112603, 0.0007397228529703037]
usedresource: [12, 13, 15]
acceptrate:[1.0, 1.0, 1.0]
bizhi: [0.002640252909336329, 0.00027847998639327716, 4.9314856864686914e-05]
embedresourece: [8, 8, 8]
cputime[0.041596999999999995, 0.04661399999999999, 0.05541399999999996]

increase: [0.03224785329669285, 0.006471286018763659, 0.0006437119321698916]
usedresource: [507, 545, 569]
acceptrate:[0.9469999999999998, 0.925, 0.883]
bizhi: [6.360523332681036e-05, 1.1873919300483778e-05, 1.1313039229699325e-06]
embedresourece: [371, 370, 371]
cputime[122.41084070000004, 142.5068937000001, 174.6215723]

increase: [0.028213541503004154, 0.005663979263037645, 0.000559213351256905]
usedresource: [562, 568, 568]
acceptrate:[1.0, 0.8799999999999999, 0.558]
bizhi: [5.020203114413551e-05, 9.971794477178952e-06, 9.845305479875087e-07]
embedresourece: [346, 345, 344]
cputime[117.0726450999999, 164.73354740000005, 171.1321544]

increase: [0.03221877051098695, 0.005748606381256911, 0.0006374480937664405]
usedresource: [353, 353, 353]
acceptrate:[0.9419999999999998, 0.9390000000000001, 0.914]
bizhi: [9.12713045637024e-05, 1.6285003912909097e-05, 1.8058019653440239e-06]
embedresourece: [353, 353, 353]
cputime[124.03425580000021, 148.7680424, 190.4556238000003]
